0.918518519	5.103671074	94.76811981	0.128209116
0.919199407	5.134710789	94.70401764	0.161271571
0.919881306	5.16274929	94.64329529	0.19395542
0.920564217	5.224206448	94.58825684	0.187536712
0.921248143	5.255023956	94.53504944	0.209926604
0.921933086	5.315192699	94.47453308	0.210274221
0.922619048	5.372616291	94.39398193	0.233401779
0.923306031	5.441701412	94.30814362	0.250154968
0.923994039	5.510658264	94.21411133	0.275230406
0.924683072	5.577879906	94.14350128	0.278618814
0.925373134	5.646680832	94.07688141	0.276437758
0.926064227	5.732454777	93.94852448	0.319020743
0.926756353	5.815557957	93.86211395	0.322328093
0.927449514	5.884593487	93.76322937	0.352177143
0.928143713	5.995941639	93.66578674	0.338271621
0.928838951	6.086472988	93.55001068	0.363516332
0.929535232	6.190790653	93.43339539	0.375813957
0.930232558	6.289873123	93.3141098	0.396017077
0.930930931	6.402834415	93.21061707	0.386548515
0.931630353	6.513759613	93.06995392	0.416286467
0.932330827	6.637531281	92.92188263	0.440586089
0.933032355	6.756642342	92.80149841	0.441859248
0.93373494	6.885250568	92.67932892	0.435420512
0.934438583	7.009200096	92.53127289	0.459527014
0.935143288	7.13917923	92.40180969	0.45901108
0.935849057	7.26934433	92.24419403	0.48646164
0.936555891	7.424159527	92.0865097	0.489330773
0.937263794	7.557985306	91.92926025	0.512754444
0.937972769	7.711094856	91.76371765	0.525187494
0.938682816	7.880937099	91.60079956	0.518263341
0.939393939	8.011269569	91.44297028	0.545760151
0.940106141	8.189593315	91.25998688	0.550419805
0.940819423	8.347091675	91.09712982	0.555778505
0.941533789	8.497950554	90.92006683	0.581982616
0.94224924	8.687007904	90.73908234	0.573909756
0.942965779	8.847476959	90.55931854	0.593204501
0.943683409	9.031112671	90.35092163	0.617965699
0.944402133	9.225582123	90.15703583	0.617382047
0.945121951	9.392767906	89.97695923	0.630272864
0.945842868	9.576806068	89.76413727	0.659056662
0.946564885	9.777983665	89.58696747	0.635048865
0.947288006	9.966227531	89.37618256	0.657589909
0.948012232	10.18561172	89.15919495	0.65519333
0.948737567	10.37491131	88.95001221	0.67507648
0.949464012	10.56990623	88.75759125	0.67250252
0.950191571	10.78825283	88.53240967	0.6793375
0.950920245	10.98641872	88.34423065	0.66935063
0.951650038	11.20867538	88.08267975	0.70864487
0.952380952	11.42088985	87.8769455	0.70216465
0.95311299	11.65240192	87.6618576	0.68574048
0.953846154	11.88621235	87.39227295	0.7215147
0.954580446	12.11326885	87.15924072	0.72749043
0.955315871	12.35753345	86.93374634	0.70872021
0.956052429	12.57555199	86.68911743	0.73533058
0.956790123	12.80239964	86.44050598	0.75709438
0.957528958	13.04692459	86.20306396	0.75001145
0.958268934	13.30797958	85.96421814	0.72780228
0.959010054	13.52858353	85.71617889	0.75523758
0.959752322	13.78046989	85.46417236	0.75535775
0.96049574	14.02339935	85.19629669	0.78030396
0.96124031	14.27453041	84.97145844	0.75401115
0.961986036	14.54455376	84.70304871	0.75239753
0.962732919	14.76925468	84.43656921	0.79417611
0.963480963	15.0342989	84.20008087	0.76562023
0.964230171	15.30880737	83.94743347	0.74375916
0.964980545	15.56796551	83.66986847	0.76216602
0.965732087	15.82041645	83.40572357	0.77385998
0.966484801	16.10300064	83.13297272	0.76402664
0.96723869	16.33828545	82.87404633	0.78766822
0.967993755	16.62466431	82.59953308	0.77580261
0.96875	16.89958191	82.31365967	0.78675842
0.969507428	17.16320038	82.07035828	0.76644134
0.970266041	17.44179726	81.78092957	0.77727317
0.971025842	17.72192383	81.50582123	0.77225494
0.971786834	17.98212051	81.23455811	0.78332138
0.97254902	18.27324295	80.96860504	0.75815201
0.973312402	18.54270744	80.68972015	0.76757241
0.974076984	18.81697273	80.40604401	0.77698326
0.974842767	19.10511398	80.12831879	0.76656723
0.975609756	19.38798523	79.84337616	0.76863861
0.976377953	19.66964912	79.56254578	0.7678051
0.97714736	19.95178223	79.28005219	0.76816558
0.977917981	20.24456596	79.00839233	0.74704171
0.978689818	20.53721809	78.72822571	0.7345562
0.979462875	20.81837273	78.44231415	0.73931312
0.980237154	21.10803986	78.16877747	0.72318267
0.981012658	21.40876007	77.8807373	0.71050263
0.98178939	21.6773777	77.59357452	0.72904778
0.982567353	21.94479561	77.32894135	0.72626304
0.98334655	22.23180199	77.05276489	0.71543312
0.984126984	22.53626442	76.76566315	0.69807243
0.984908658	22.82362366	76.47316742	0.70320892
0.985691574	23.12667084	76.19213867	0.68119049
0.986475736	23.42530823	75.90341187	0.6712799
0.987261146	23.72577858	75.61186218	0.66235924
0.988047809	24.02552605	75.31130981	0.66316414
0.988835726	24.29986	75.02037811	0.67976189
0.9896249	24.61281204	74.7317276	0.65546036
0.990415335	24.91497612	74.44617462	0.63884926
0.991207034	25.18277168	74.16053772	0.6566906
0.992	25.48340607	73.8745575	0.64203643
0.992794235	25.77499771	73.60999298	0.61500931
0.993589744	26.06437874	73.31678009	0.61884117
0.994386528	26.35210228	73.03427124	0.61362648
0.995184591	26.65119553	72.74967194	0.59913253
0.995983936	26.92837715	72.46762848	0.60399437
0.996784566	27.2256546	72.1924057	0.5819397
0.997586484	27.50787735	71.91751862	0.57460403
0.998389694	27.81006432	71.62005615	0.56987953
0.999194198	28.09691811	71.35894012	0.54414177
1	28.38204765	71.07733154	0.54062081
1.000807103	28.66814804	70.78642273	0.54542923
1.001615509	28.94741058	70.52236176	0.53022766
1.002425222	29.25368309	70.24131775	0.50499916
1.003236246	29.54142952	69.95999908	0.4985714
1.004048583	29.81300354	69.68939209	0.49760437
1.004862237	30.10282135	69.42185211	0.47532654
1.00567721	30.3871479	69.1576767	0.4551754
1.006493506	30.6597805	68.87230682	0.46791268
1.007311129	30.94566154	68.61301422	0.44132424
1.008130081	31.20930481	68.34869385	0.44200134
1.008950366	31.49083328	68.07180023	0.43736649
1.009771987	31.78574371	67.80712891	0.40712738
1.010594947	32.057724	67.54068756	0.40158844
1.01141925	32.33019257	67.29210663	0.3777008
1.012244898	32.61052322	67.01203918	0.3774376
1.013071895	32.87679672	66.75226593	0.37093735
1.013900245	33.13893127	66.49958801	0.36148072
1.014729951	33.4115181	66.24772644	0.34075546
1.015561016	33.68069839	65.989151	0.33015061
1.016393443	33.94135666	65.72177124	0.3368721
1.017227235	34.20285416	65.48569489	0.31145095
1.018062397	34.44903946	65.22815704	0.3228035
1.018898932	34.73315811	64.9678421	0.29899979
1.019736842	34.99032211	64.73930359	0.2703743
1.020576132	35.2660141	64.49712372	0.23686218
1.021416804	35.52940369	64.21247864	0.25811767
1.022258862	35.78318787	63.96025848	0.25655365
1.02310231	36.05741882	63.71029663	0.23228455
1.023947151	36.30669022	63.48121262	0.21209716
1.024793388	36.56542969	63.23025131	0.204319
1.025641026	36.81591034	62.99364471	0.19044495
1.026490066	37.05406189	62.75414658	0.19179153
1.027340514	37.3157692	62.54109192	0.14313888
1.028192371	37.55115891	62.29261017	0.15623092
1.029045643	37.79706192	62.07822037	0.12471771
1.029900332	38.04997253	61.83410263	0.11592484
1.030756442	38.29159546	61.60085297	0.10755157
1.031613977	38.5067215	61.36661148	0.12666702
1.032472939	38.7641716	61.15996933	0.07585907
1.033333333	38.99280167	60.93170547	0.07549286
1.034195163	39.20864868	60.71718979	0.07416153
1.035058431	39.45139694	60.48972702	0.05887604
1.035923141	39.66725922	60.27776718	0.0549736
1.036789298	39.88965607	60.05261993	0.057724
1.037656904	40.14696121	59.84457779	0.008461
1.038525963	40.35596466	59.64511108	-0.00107574
1.039396479	40.57629013	59.43066025	-0.00695038
1.040268456	40.79676437	59.20652008	-0.00328445
1.041141898	41.01959229	58.99269104	-0.01228333
1.042016807	41.24625397	58.80643845	-0.05269242
1.042893188	41.44232178	58.62409592	-0.0664177
1.043771044	41.67508316	58.40772247	-0.08280563
1.044650379	41.89002991	58.20748138	-0.09751129
1.045531197	42.07355881	58.01679611	-0.09035492
1.046413502	42.27689362	57.83364105	-0.11053467
1.047297297	42.49235153	57.6313858	-0.12373733
1.048182587	42.70610428	57.44317245	-0.14927673
1.049069374	42.89208603	57.26222229	-0.15430832
1.049957663	43.09150314	57.06727982	-0.15878296
1.050847458	43.28900909	56.8890686	-0.17807769
1.051738762	43.48833084	56.711483	-0.19981384
1.052631579	43.6674614	56.54124069	-0.20870209
1.053525913	43.83730316	56.36970901	-0.20701217
1.054421769	44.04818726	56.18230057	-0.23048783
1.055319149	44.22200012	56.00930405	-0.23130417
1.056218058	44.39047241	55.84934998	-0.23982239
1.0571185	44.59952545	55.69075775	-0.2902832
1.058020478	44.76357651	55.521595	-0.28517151
1.058923997	44.94858932	55.33884048	-0.2874298
1.05982906	45.13254929	55.16279221	-0.2953415
1.060735672	45.31124115	55.0241127	-0.33535385
1.061643836	45.46537399	54.86427689	-0.32965088
1.062553556	45.64614105	54.71055984	-0.35670089
1.063464837	45.8220253	54.55324173	-0.37526703
1.064377682	45.97227478	54.42194366	-0.39421844
1.065292096	46.1476059	54.2562294	-0.4038353
1.066208083	46.28816986	54.11371613	-0.40188599
1.067125645	46.4513855	53.96077728	-0.41216278
1.068044789	46.59526825	53.83384705	-0.4291153
1.068965517	46.7436409	53.68612289	-0.42976379
1.069887834	46.90153122	53.54253006	-0.44406128
1.070811744	47.04179001	53.41838074	-0.46017075
1.071737252	47.20645142	53.2999649	-0.50641632
1.07266436	47.33564377	53.15586853	-0.4915123
1.073593074	47.46273041	53.02497864	-0.48770905
1.074523397	47.61014175	52.89445496	-0.50459671
1.075455334	47.74015427	52.77615738	-0.51631165
1.076388889	47.87602615	52.65583801	-0.53186416
1.077324066	48.01049423	52.53158951	-0.54208374
1.07826087	48.12818146	52.42411041	-0.55229187
1.079199304	48.25771713	52.30600739	-0.56372452
1.080139373	48.3834343	52.19375992	-0.57719422
1.081081081	48.50337982	52.10163116	-0.60501098
1.082024433	48.6173439	51.98368454	-0.60102844
1.082969432	48.75213623	51.88573456	-0.63787079
1.083916084	48.85027313	51.77892303	-0.62919616
1.084864392	48.95848465	51.68398666	-0.64247131
1.085814361	49.06237411	51.58607864	-0.64845275
1.086765995	49.18624878	51.47913742	-0.6653862
1.087719298	49.28000641	51.3967514	-0.67675781
1.088674276	49.38157654	51.30722046	-0.688797
1.089630931	49.48182678	51.22572327	-0.70755005
1.09058927	49.57111359	51.12236786	-0.69348145
1.091549296	49.66086578	51.0434227	-0.70428848
1.092511013	49.74020767	50.96794891	-0.70815658
1.093474427	49.83116531	50.89419937	-0.72536468
1.094439541	49.92353058	50.81459808	-0.73812866
1.09540636	50.0113678	50.75479126	-0.76615906
1.096374889	50.08429337	50.69409561	-0.77838898
1.097345133	50.17138672	50.61042404	-0.78181076
1.098317095	50.23318481	50.55317688	-0.78636169
1.09929078	50.3086319	50.47951889	-0.78815079
1.100266193	50.37828827	50.41936493	-0.7976532
1.101243339	50.44960785	50.35017014	-0.79977799
1.102222222	50.51409531	50.30265045	-0.81674576
1.103202847	50.57811737	50.24582672	-0.82394409
1.104185218	50.63907623	50.20231628	-0.84139251
1.10516934	50.69045258	50.16252899	-0.85298157
1.106155219	50.75575638	50.10029221	-0.85604859
1.107142857	50.80267334	50.06609726	-0.8687706
1.108132261	50.85607147	50.02920151	-0.88527298
1.109123435	50.8962326	49.989254	-0.8854866
1.110116383	50.95323944	49.96162415	-0.91486359
1.111111111	50.97297287	49.92487335	-0.89784622
1.112107623	51.03302765	49.87894058	-0.91196823
1.113105925	51.06954575	49.86194229	-0.93148804
1.11410602	51.10052872	49.8465271	-0.94705582
1.115107914	51.14836884	49.83050537	-0.97887421
1.116111611	51.16864395	49.80358887	-0.97223282
1.117117117	51.18352127	49.78182602	-0.96534729
1.118124436	51.20434189	49.78111267	-0.98545456
1.119133574	51.23522949	49.74751282	-0.98274231
1.120144535	51.23195648	49.74524689	-0.97720337
1.121157324	51.26766586	49.75730896	-1.02497482
1.122171946	51.25807953	49.74909592	-1.00717545
1.123188406	51.27310944	49.74838257	-1.02149201
1.124206709	51.28762054	49.75959396	-1.0472145
1.12522686	51.27631378	49.75455475	-1.03086853
1.126248865	51.27947998	49.77327728	-1.05275726
1.127272727	51.2767601	49.77809525	-1.05485535
1.128298453	51.26742172	49.80326462	-1.07068634
1.129326047	51.26317215	49.81288528	-1.07605743
1.130355515	51.2375946	49.8236351	-1.0612297
1.131386861	51.22953033	49.85781479	-1.08734512
1.132420091	51.21368027	49.87613678	-1.08981705
1.13345521	51.19094849	49.8988266	-1.08977509
1.134492223	51.1701355	49.95158005	-1.12171555
1.135531136	51.14129639	49.99999237	-1.14128876
1.136571952	51.11557388	50.02162933	-1.13720321
1.137614679	51.06610107	50.0599556	-1.12605667
1.13865932	51.04519653	50.1059227	-1.15111923
1.139705882	50.99083328	50.14744949	-1.13828277
1.14075437	50.95376968	50.1880188	-1.14178848
1.141804788	50.90985107	50.25498962	-1.16484069
1.142857143	50.85540009	50.30640793	-1.16180802
1.143911439	50.7990303	50.39451599	-1.19354629
1.144967682	50.74164963	50.44349289	-1.18514252
1.146025878	50.67500305	50.51063156	-1.18563461
1.147086031	50.61847687	50.59071732	-1.20919419
1.148148148	50.54021454	50.66458511	-1.20479965
1.149212234	50.47093201	50.75256348	-1.22349549
1.150278293	50.38735962	50.83683014	-1.22418976
1.151346332	50.31905746	50.91190338	-1.23096084
1.152416357	50.23625946	51.00169373	-1.23795319
1.153488372	50.14290237	51.09423447	-1.23713684
1.154562384	50.05158615	51.18368149	-1.23526764
1.155638397	49.97438431	51.26400757	-1.23839188
1.156716418	49.86863708	51.37799835	-1.24663543
1.157796452	49.76503754	51.49084854	-1.25588608
1.158878505	49.66430664	51.60930634	-1.27361298
1.159962582	49.56440735	51.70842361	-1.27283096
1.161048689	49.45042038	51.82084274	-1.27126312
1.162136832	49.343647	51.94706726	-1.29071426
1.163227017	49.21009827	52.07920074	-1.28929901
1.164319249	49.08581543	52.19778442	-1.28359985
1.165413534	48.94792557	52.34473419	-1.29265976
1.166509878	48.81077957	52.47663116	-1.28741073
1.167608286	48.68859863	52.60713196	-1.29573059
1.168708765	48.54057693	52.75198746	-1.29256439
1.169811321	48.40719223	52.90379333	-1.31098556
1.170915958	48.25761795	53.04642487	-1.30404282
1.172022684	48.10024261	53.22797775	-1.32822036
1.173131504	47.9406662	53.37577438	-1.31644058
1.174242424	47.77944565	53.54510117	-1.32454682
1.17535545	47.61036682	53.70293427	-1.31330109
1.176470588	47.45345688	53.88733292	-1.3407898
1.177587844	47.28076935	54.06893921	-1.34970856
1.178707224	47.10430908	54.25706482	-1.3613739
1.179828735	46.93297958	54.43212509	-1.36510467
1.180952381	46.73319244	54.6333313	-1.36652374
1.18207817	46.53937149	54.79499054	-1.33436203
1.183206107	46.35464096	55.00601578	-1.36065674
1.184336199	46.15807724	55.20103073	-1.35910797
1.185468451	45.9557457	55.41736984	-1.37311554
1.186602871	45.7411232	55.63647842	-1.37760162
1.187739464	45.53415298	55.85097122	-1.3851242
1.188878236	45.31849289	56.06545639	-1.38394928
1.190019194	45.08864212	56.28702545	-1.37566757
1.191162344	44.82066345	56.5442276	-1.36489105
1.192307692	44.58823013	56.78645325	-1.37468338
1.193455245	44.35442734	57.04165268	-1.39608002
1.19460501	44.09019852	57.29232025	-1.38251877
1.195756991	43.84719849	57.54322433	-1.39042282
1.196911197	43.60042191	57.81886673	-1.41928864
1.198067633	43.34305954	58.05982971	-1.40288925
1.199226306	43.08890533	58.33571625	-1.42462158
1.200387222	42.77426147	58.62268066	-1.39694213
1.201550388	42.52394867	58.87589264	-1.39984131
1.20271581	42.26325226	59.1717186	-1.43497086
1.203883495	41.95899582	59.44432068	-1.4033165
1.20505345	41.67346191	59.75190353	-1.42536544
1.206225681	41.37713242	60.04551697	-1.42264939
1.207400195	41.08439255	60.34038162	-1.42477417
1.208576998	40.7763176	60.64102554	-1.41734314
1.209756098	40.46200943	60.98988724	-1.45189667
1.2109375	40.14833832	61.29881668	-1.447155
1.212121212	39.80854416	61.60896301	-1.41750717
1.213307241	39.46707153	61.95602417	-1.4230957
1.214495593	39.14006805	62.29311752	-1.43318557
1.215686275	38.7976799	62.637043	-1.4347229
1.216879293	38.45603943	62.9883461	-1.44438553
1.218074656	38.09295273	63.33209991	-1.42505264
1.21927237	37.72164536	63.71030045	-1.43194581
1.220472441	37.38729095	64.05103302	-1.43832397
1.221674877	37.01698303	64.42749023	-1.44447326
1.222879684	36.62607193	64.80971527	-1.4357872
1.224086871	36.25002289	65.18454742	-1.43457031
1.225296443	35.86941528	65.56401062	-1.4334259
1.226508408	35.46560287	65.95406342	-1.41966629
1.227722772	35.0887413	66.33602142	-1.42476272
1.228939544	34.68375015	66.735466	-1.41921615
1.23015873	34.28326416	67.1478653	-1.43112946
1.231380338	33.86146927	67.55171967	-1.41318894
1.232604374	33.44219971	67.95719147	-1.39939118
1.233830846	33.04283142	68.36832428	-1.4111557
1.235059761	32.60795593	68.81008911	-1.41804504
1.236291127	32.16394806	69.22544861	-1.38939667
1.23752495	31.75656891	69.66194153	-1.41851044
1.238761239	31.29628372	70.09926605	-1.39554977
1.24	30.83266258	70.55726624	-1.38992882
1.241241241	30.39321518	70.9846344	-1.37784958
1.24248497	29.88970566	71.47611237	-1.36581803
1.243731194	29.41683197	71.93062592	-1.34745789
1.24497992	28.92973709	72.42266083	-1.35239792
1.246231156	28.45109367	72.90733337	-1.35842704
1.247484909	27.97883987	73.36219788	-1.34103775
1.248741188	27.49623108	73.83207703	-1.32830811
1.25	27.01317596	74.31201172	-1.32518768
1.251261352	26.52531815	74.79663849	-1.32195664
1.252525253	26.04096222	75.24394226	-1.28490448
1.253791709	25.54510498	75.74994659	-1.29505157
1.255060729	25.05432701	76.23621368	-1.29054069
1.25633232	24.53797531	76.7434082	-1.28138351
1.257606491	24.04918289	77.22573853	-1.27492142
1.258883249	23.52697182	77.6985321	-1.22550392
1.260162602	23.00553703	78.2085495	-1.21408653
1.261444557	22.5194149	78.7293396	-1.2487545
1.262729124	22.00018501	79.21792603	-1.21811104
1.26401631	21.48715401	79.70780945	-1.19496346
1.265306122	20.98205757	80.18206024	-1.16411781
1.26659857	20.45721054	80.690979	-1.14818954
1.267893661	19.93565559	81.18087006	-1.11652565
1.269191402	19.44245911	81.68443298	-1.12689209
1.270491803	18.91573906	82.1811676	-1.09690666
1.271794872	18.39623642	82.66349792	-1.05973434
1.273100616	17.89359665	83.16226196	-1.05585861
1.274409044	17.38935089	83.64055634	-1.02990723
1.275720165	16.89338303	84.1149826	-1.00836563
1.277033986	16.37953758	84.59739685	-0.97693443
1.278350515	15.86341	85.08332062	-0.94673062
1.279669763	15.38301086	85.52751923	-0.91053009
1.280991736	14.89003754	85.98922729	-0.87926483
1.282316443	14.40827656	86.43518066	-0.84345722
1.283643892	13.92961597	86.88729095	-0.81690692
1.284974093	13.4501915	87.33943176	-0.78962326
1.286307054	13.00654221	87.73088837	-0.73743058
1.287642783	12.55710983	88.16043091	-0.71754074
1.288981289	12.10878372	88.60233307	-0.71111679
1.290322581	11.66790771	88.98826599	-0.6561737
1.291666667	11.23341084	89.35768127	-0.59109211
1.293013556	10.82727718	89.73212433	-0.55940151
1.294363257	10.40979958	90.09209442	-0.501894
1.295715778	10.00213814	90.47667694	-0.47881508
1.29707113	9.613101959	90.81703186	-0.430133819
1.298429319	9.222941399	91.13861084	-0.361552239
1.299790356	8.826887131	91.49765778	-0.324544911
1.30115425	8.489382744	91.8030777	-0.292460444
1.302521008	8.136691093	92.08986664	-0.226557733
1.303890641	7.815654755	92.33625793	-0.151912685
1.305263158	7.507466316	92.60038757	-0.107853886
1.306638567	7.205864906	92.85810089	-0.063965796
1.308016878	6.963271618	93.05238342	-0.015655038
1.309398099	6.716187954	93.23813629	0.045675756
1.310782241	6.471003056	93.42946625	0.099530694
1.312169312	6.232248783	93.60372925	0.164021967
1.313559322	6.040562153	93.76373291	0.195704937
1.31495228	5.863152981	93.84243774	0.294409279
1.316348195	5.70728302	93.93782806	0.35488892
1.317747078	5.562785149	94.0215683	0.415646551
1.319148936	5.429235458	94.08576965	0.484994892
1.320553781	5.351906776	94.14450073	0.503592494
1.32196162	5.24096632	94.14687347	0.61216021
1.323372465	5.193047047	94.13326263	0.673690323
1.324786325	5.161717415	94.09152985	0.746752735
1.326203209	5.126536369	94.06156921	0.811894421
1.327623126	5.157107353	93.98970032	0.853192327
1.329046088	5.155148506	93.89359283	0.951258664
1.330472103	5.215911388	93.79267883	0.991409782
1.331901182	5.297158718	93.65283966	1.050001622
1.333333333	5.38387394	93.4709549	1.14517116
1.334768568	5.487420559	93.27639771	1.236181731
1.336206897	5.641990662	93.1059494	1.252059938
1.337648328	5.797857285	92.89350128	1.308641435
1.339092873	5.985557556	92.62857056	1.385871884
1.340540541	6.190240383	92.37014771	1.439611907
1.341991342	6.424180508	92.09851837	1.477301122
1.343445287	6.652723312	91.7906723	1.556604388
1.344902386	6.917877674	91.45563507	1.626487256
1.346362649	7.196674347	91.12477112	1.678554533
1.347826087	7.500784874	90.78692627	1.712288856
1.349292709	7.838198662	90.4269104	1.734890938
1.350762527	8.192101479	90.01412201	1.793776511
1.352235551	8.537084579	89.61852264	1.844392781
1.35371179	8.922694206	89.19259644	1.884709354
1.355191257	9.326598167	88.75121307	1.922188763
1.356673961	9.757214546	88.3147583	1.928027154
1.358159912	10.19309139	87.82226563	1.98464298
1.359649123	10.65624332	87.31881714	2.02493954
1.361141603	11.15432739	86.80979919	2.03587342
1.362637363	11.65938568	86.28977203	2.05084229
1.364136414	12.15642643	85.75654602	2.08702755
1.365638767	12.67943668	85.21954346	2.10101986
1.367144432	13.19612122	84.68357086	2.12030792
1.368653422	13.72772789	84.14871216	2.12355995
1.370165746	14.27390003	83.56364441	2.16245556
1.371681416	14.83979988	83.02257538	2.13762474
1.373200443	15.39868164	82.4541626	2.14715576
1.374722838	15.99405289	81.87783813	2.12810898
1.376248613	16.5656147	81.29999542	2.13438988
1.377777778	17.16381073	80.69117737	2.1450119
1.379310345	17.76773262	80.09960938	2.132658
1.380846325	18.34238243	79.52295685	2.13466072
1.38238573	18.98188972	78.91033936	2.10777092
1.383928571	19.61991501	78.28980255	2.09028244
1.38547486	20.2152462	77.72210693	2.06264687
1.387024609	20.85270309	77.09693146	2.05036545
1.388577828	21.48285294	76.4921875	2.02495956
1.390134529	22.09967804	75.88021851	2.02010345
1.391694725	22.77417183	75.26919556	1.95663261
1.393258427	23.40653419	74.67316437	1.92030144
1.394825647	24.03937531	74.07044983	1.89017486
1.396396396	24.71711731	73.41743469	1.865448
1.397970688	25.35900116	72.81686401	1.82413483
1.399548533	26.03272247	72.21383667	1.75344086
1.401129944	26.6606102	71.59371948	1.74567032
1.402714932	27.28062248	70.99856567	1.72081185
1.404303511	27.93375587	70.35267639	1.71356774
1.405895692	28.56576729	69.77655029	1.65768242
1.407491487	29.20365334	69.17235565	1.62399101
1.409090909	29.8423996	68.55249023	1.60511017
1.41069397	30.47265625	67.96703339	1.56031036
1.412300683	31.07185745	67.3713913	1.55675125
1.41391106	31.68976974	66.80672455	1.50350571
1.415525114	32.2698288	66.25642395	1.47374725
1.417142857	32.89386749	65.64654541	1.4595871
1.418764302	33.50156021	65.10908508	1.38935471
1.420389462	34.04553986	64.57839203	1.37606811
1.422018349	34.64648438	64.00373077	1.34978485
1.423650976	35.19814682	63.45661163	1.34524155
1.425287356	35.7851181	62.88895416	1.32592774
1.426927503	36.37431717	62.36870956	1.25697327
1.428571429	36.94826126	61.80449295	1.24724579
1.430219146	37.49921799	61.25933456	1.24144745
1.43187067	38.05074692	60.75069809	1.19855499
1.433526012	38.54562759	60.28422546	1.17014695
1.435185185	39.0816803	59.75525284	1.16306686
1.436848204	39.59595108	59.27488708	1.12916184
1.438515081	40.06733704	58.81236649	1.12029647
1.44018583	40.57884598	58.35424042	1.0669136
1.441860465	41.02256012	57.94470215	1.03273773
1.443538999	41.47309113	57.43636322	1.09054565
1.445221445	41.9850235	56.99185562	1.02312088
1.446907818	42.39009094	56.60365677	1.00625229
1.448598131	42.81616974	56.18473434	0.99909592
1.450292398	43.3055687	55.78364563	0.91078567
1.451990632	43.64410782	55.36499786	0.99089432
1.453692849	44.10894012	54.96829224	0.92276764
1.455399061	44.46588898	54.61611176	0.91799926
1.457109283	44.85909653	54.24327087	0.8976326
1.458823529	45.24852371	53.87086868	0.88060761
1.460541814	45.62741089	53.52725983	0.84532928
1.462264151	45.9361763	53.18463898	0.87918472
1.463990555	46.28542709	52.83052444	0.88404847
1.46572104	46.60634232	52.56978989	0.82386779
1.467455621	46.94197464	52.2269249	0.83110046
1.469194313	47.22616196	51.9248085	0.84902954
1.470937129	47.52996063	51.68083191	0.78920746
1.472684086	47.82492447	51.38115692	0.79391861
1.474435196	48.09117889	51.1063385	0.80248261
1.476190476	48.33047867	50.8500824	0.81943893
1.47794994	48.60006714	50.62574768	0.77418518
1.479713604	48.76625061	50.43301392	0.80073547
1.481481481	49.01497269	50.1547699	0.83025741
1.483253589	49.30839539	49.97363281	0.7179718
1.48502994	49.42840958	49.75712967	0.81446075
1.486810552	49.66563416	49.58439636	0.74996948
1.488595438	49.78116608	49.41737747	0.80145645
1.490384615	49.94665146	49.27370071	0.77964783
1.492178099	50.17446136	49.08388138	0.74165726
1.493975904	50.22906494	48.97861099	0.79232407
1.495778046	50.39967346	48.75889206	0.84143448
1.497584541	50.51948547	48.66701508	0.81349945
1.499395405	50.6060524	48.65338516	0.74056244
1.501210654	50.65690994	48.47310638	0.86998368
1.503030303	50.76172256	48.40999222	0.82828522
1.504854369	50.82621002	48.36142349	0.81236649
1.506682868	50.89937592	48.24004745	0.86057663
1.508515815	50.91274261	48.19368362	0.89357377
1.510353228	50.93710327	48.15742111	0.90547562
1.512195122	50.9573288	48.15974426	0.88292694
1.514041514	50.94153976	48.09170914	0.9667511
1.515892421	50.94884109	48.07679749	0.97436142
1.517747858	50.90285492	48.11264801	0.98449707
1.519607843	50.89442825	48.12105179	0.98451996
1.521472393	50.82867813	48.133564	1.03775787
1.523341523	50.79391098	48.18840027	1.01768875
1.525215252	50.67290497	48.19971466	1.12738037
1.527093596	50.59649277	48.29040527	1.11310196
1.528976572	50.52865219	48.33069611	1.1406517
1.530864198	50.34744263	48.48257828	1.16997909
1.532756489	50.20730591	48.56525803	1.22743606
1.534653465	50.07666779	48.66760254	1.25572967
1.536555143	49.97527695	48.79976654	1.22495651
1.538461538	49.78902817	48.945858	1.26511383
1.540372671	49.49986267	49.0525322	1.44760513
1.542288557	49.27717209	49.21416092	1.50866699
1.544209215	49.12047195	49.37462997	1.50489808
1.546134663	48.86251831	49.50653839	1.6309433
1.548064919	48.62674332	49.77500916	1.59824752
1.55	48.27111816	49.95374298	1.77513886
1.551939925	47.96882248	49.9223671	2.10881042
1.553884712	47.6815834	50.23589706	2.08251954
1.555834379	47.50658035	50.49154663	2.00187302
1.557788945	47.01049423	50.68151855	2.30798722
1.559748428	46.72113419	50.93801117	2.34085464
1.561712846	46.16818237	51.36527252	2.46654511
1.563682219	45.92878342	51.8466835	2.22453308
1.565656566	45.47489166	52.07548141	2.44962693
1.567635904	44.91634369	52.26940918	2.81424713
1.569620253	44.52355957	52.62770844	2.84873199
1.571609632	44.1301384	53.21657562	2.65328598
1.573604061	43.32673264	53.54034424	3.13292312
1.575603558	42.83248138	53.96826935	3.19924927
1.577608142	42.38946915	54.28139496	3.32913589
1.579617834	41.97644424	54.6845665	3.33898926
1.581632653	41.3820076	55.33731079	3.28068161
1.583652618	40.53912354	55.6685524	3.79232406
1.585677749	39.8884964	56.01726151	4.09424209
1.587708067	39.29818344	56.60518265	4.09663391
1.58974359	38.58449936	57.03326035	4.38224029
1.591784339	37.9364624	57.72846222	4.33507538
1.593830334	37.1751442	58.25990295	4.56495285
1.595881596	36.36565781	58.63029861	5.00404358
1.597938144	35.85057449	59.22597504	4.92345047
1.6	34.94941711	59.96419144	5.08639145
1.602067183	34.2353363	60.53264618	5.23201752
1.604139715	33.36832809	61.06264496	5.56902695
1.606217617	32.60198593	61.7278862	5.67012787
1.608300908	31.60351753	62.47254562	5.92393685
1.61038961	30.85280991	63.07542801	6.07176208
1.612483745	29.9017849	63.51929474	6.57892036
1.614583333	28.99371147	64.20825958	6.79802895
1.616688396	28.16464233	64.89379883	6.94155884
1.618798956	27.24786186	65.85188293	6.90025521
1.620915033	26.18962479	66.08599091	7.7243843
1.623036649	25.31146049	67.05010223	7.63843728
1.625163827	24.40262794	67.44381714	8.15355492
1.627296588	23.50185585	68.18762207	8.31052208
1.629434954	22.39250755	68.82900238	8.77849007
1.631578947	21.44857597	69.28398895	9.26743508
1.63372859	20.50676346	70.2430954	9.25014114
1.635883905	19.55599213	70.61437225	9.82963562
1.638044914	18.62201309	71.24514008	10.13284683
1.64021164	17.60760689	71.92520905	10.46718406
1.642384106	16.63230896	72.4144516	10.95323944
1.644562334	15.74549484	72.9580307	11.29647446
1.646746348	14.82816219	73.70275879	11.46907902
1.64893617	13.9436264	74.1227951	11.9335785
1.651131824	13.06075191	74.58395386	12.35529423
1.653333333	12.21492672	74.98581696	12.79925632
1.655540721	11.44317913	75.54743958	13.00938129
1.657754011	10.58363628	75.78268433	13.63367939
1.659973226	9.93032074	76.07372284	13.99595642
1.662198391	9.208337784	76.45529938	14.33636284
1.66442953	8.551150322	76.64585876	14.80299092
1.666666667	7.947518826	76.77188873	15.28059244
1.668909825	7.442340851	77.15193176	15.40572739
1.67115903	6.896101475	76.86245728	16.24144125
1.673414305	6.433305264	77.01490784	16.5517869
1.675675676	6.098753929	76.95697784	16.94426823
1.677943166	5.813263416	76.76540375	17.42133283
1.680216802	5.509682178	76.84780121	17.64251661
1.682496608	5.300907612	76.46427917	18.23481322
1.684782609	5.163200378	76.33224487	18.50455475
1.68707483	5.168085098	75.91575623	18.91615867
1.689373297	5.143140793	75.64933014	19.20752907
1.691678035	5.221635818	74.96611786	19.81224632
1.693989071	5.340907574	74.75429535	19.90479708
1.69630643	5.551055431	74.0631485	20.38579607
1.698630137	5.846670628	73.55432129	20.59900808
1.700960219	6.150774479	72.96195221	20.88727331
1.703296703	6.564806938	72.24330902	21.19188404
1.705639615	6.984373093	71.59541321	21.4202137
1.707988981	7.532209396	70.84039307	21.62739753
1.710344828	8.105150223	69.96728516	21.92756462
1.712707182	8.694051743	69.02175903	22.28418923
1.715076072	9.400747299	68.37874603	22.22050667
1.717451524	10.08409691	67.51802063	22.39788246
1.719833564	10.79512978	66.46789551	22.73697471
1.722222222	11.65167522	65.69715118	22.6511736
1.724617524	12.45268154	64.76882172	22.77849674
1.727019499	13.24471664	63.8158989	22.93938446
1.729428173	14.11142635	62.82687759	23.06169606
1.731843575	15.06602478	61.71649551	23.21747971
1.734265734	16.01932144	60.93847275	23.04220581
1.736694678	16.90628052	59.7959938	23.29772568
1.739130435	17.86976242	58.95188522	23.17835236
1.741573034	18.86678696	58.01150131	23.12171173
1.744022504	19.81079483	57.07640839	23.11279678
1.746478873	20.8203907	55.98342514	23.19618416
1.748942172	21.73224449	55.09458923	23.17316628
1.751412429	22.70528984	54.2104187	23.08429146
1.753889675	23.6279583	53.3420372	23.0300045
1.756373938	24.5793438	52.45804596	22.96261024
1.758865248	25.53502655	51.46663666	22.99833679
1.761363636	26.46376801	50.6592865	22.87694549
1.763869132	27.39530563	49.854599	22.75009537
1.766381766	28.234375	49.09221649	22.67340851
1.768901569	29.07945442	48.20292664	22.71761894
1.771428571	29.94021797	47.52129364	22.53848839
1.773962804	30.81281853	46.86986923	22.31731224
1.776504298	31.5856781	45.9372406	22.4770813
1.779053085	32.30647659	45.3012085	22.39231491
1.781609195	33.02270508	44.53084564	22.44644928
1.784172662	33.73507309	43.97452164	22.29040527
1.786743516	34.50381851	43.22264862	22.27353287
1.789321789	35.13225174	42.58165741	22.28609085
1.791907514	35.76841354	42.05651855	22.17506791
1.794500724	36.42137146	41.5162735	22.06235504
1.797101449	36.93692017	40.97319412	22.08988571
1.799709724	37.53239059	40.42371368	22.04389573
1.802325581	38.00291443	39.85065079	22.14643478
1.804949054	38.50391388	39.40982437	22.08626175
1.807580175	38.86170197	38.95875168	22.17954635
1.810218978	39.39703751	38.44078445	22.16217804
1.812865497	39.7013588	38.09496689	22.20367431
1.815519766	40.05092239	37.64734268	22.30173493
1.818181818	40.40522003	37.21461868	22.38016129
1.820851689	40.71411896	36.89658737	22.38929367
1.823529412	40.86365128	36.53823471	22.59811401
1.826215022	41.10796738	36.26280212	22.6292305
1.828908555	41.28220749	35.97323608	22.74455643
1.831610044	41.43435287	35.74347687	22.82217026
1.834319527	41.57076263	35.43601608	22.99322129
1.837037037	41.69675446	35.18658829	23.11665725
1.839762611	41.65939713	35.00461197	23.3359909
1.842496285	41.68527985	34.79432678	23.52039337
1.845238095	41.66322327	34.63139343	23.7053833
1.847988077	41.59878922	34.44241714	23.95879364
1.850746269	41.5182991	34.30826569	24.17343521
1.853512706	41.41617966	34.21276474	24.3710556
1.856287425	41.23783112	34.06530762	24.69686126
1.859070465	41.04037476	33.97831726	24.98130798
1.861861862	40.76830673	33.88610077	25.3455925
1.864661654	40.50831604	33.82992935	25.66175461
1.86746988	40.16778946	33.79007339	26.04213715
1.870286576	39.77009201	33.77904892	26.45085907
1.873111782	39.42815018	33.73736954	26.83448028
1.875945537	39.02273941	33.7482872	27.22897339
1.878787879	38.54779816	33.75960159	27.69260025
1.881638847	38.07519531	33.83361435	28.09119034
1.88449848	37.51782227	33.78824615	28.69393158
1.887366819	37.00352478	33.8915062	29.10496902
1.890243902	36.31949234	33.9205246	29.75998306
1.893129771	35.63898087	34.04340744	30.31761169
1.896024465	35.02822113	34.1264534	30.84532547
1.898928025	34.34786987	34.22731781	31.42481232
1.901840491	33.54999161	34.26925659	32.1807518
1.904761905	32.74881363	34.38551331	32.86567306
1.907692308	31.97459793	34.52869034	33.49671173
1.910631741	31.08562469	34.67546844	34.23890687
1.913580247	30.24977112	34.82141113	34.92881775
1.916537867	29.34117889	34.96941376	35.68940735
1.919504644	28.42691231	35.06895447	36.50413322
1.92248062	27.50217819	35.21189117	37.28593064
1.925465839	26.54054832	35.34713745	38.11231423
1.928460342	25.60567856	35.43927765	38.95504379
1.931464174	24.572649	35.57715988	39.85019112
1.934477379	23.59604073	35.69882965	40.70512962
1.9375	22.56837273	35.82178879	41.60983848
1.940532081	21.58372688	35.93049622	42.4857769
1.943573668	20.56288147	35.99705124	43.44006729
1.946624804	19.57773209	36.08113098	44.34113693
1.949685535	18.63547516	36.11087036	45.25365448
1.952755906	17.65964699	36.19971466	46.14063835
1.955835962	16.74374199	36.22159576	47.03466225
1.95892575	15.85733414	36.215271	47.92739486
1.962025316	15.02260113	36.21875381	48.75864506
1.965134707	14.22852993	36.08793259	49.68353748
1.968253968	13.44839191	35.97845459	50.5731535
1.971383148	12.68196106	35.90649796	51.41154098
1.974522293	12.03602314	35.77409363	52.18988323
1.977671451	11.42924023	35.58595657	52.9848032
1.980830671	10.90785599	35.40875244	53.68339157
1.984	10.44140339	35.15722275	54.40137386
1.987179487	10.05548954	34.88866043	55.05585003
1.990369181	9.737333298	34.58633804	55.67632866
1.993569132	9.548559189	34.28638458	56.16505623
1.996779388	9.35918808	33.89745712	56.7433548
2	9.283769608	33.54754257	57.16868782
2.003231018	9.2781353	33.12912369	57.59274101
2.006472492	9.34346962	32.69197464	57.96455574
2.009724473	9.491383553	32.25500488	58.25361157
2.012987013	9.724805832	31.73104286	58.54415131
2.016260163	10.01021576	31.26791763	58.72186661
2.019543974	10.39194584	30.73947525	58.86857891
2.022838499	10.80206394	30.2323494	58.96558666
2.026143791	11.27042294	29.66957474	59.06000232
2.029459902	11.81926537	29.15011024	59.03062439
2.032786885	12.36900139	28.56891441	59.0620842
2.036124795	12.97709942	28.0611515	58.96174908
2.039473684	13.66813755	27.48386002	58.84800243
2.042833608	14.36178207	26.87905502	58.75916291
2.04620462	15.07499981	26.3482399	58.57676029
2.049586777	15.83218098	25.80301666	58.36480236
2.052980132	16.58433914	25.26194763	58.15371323
2.056384743	17.32297707	24.70452118	57.97250175
2.059800664	18.05994415	24.17943573	57.76062012
2.063227953	18.81401634	23.64945984	57.53652382
2.066666667	19.57856941	23.16217232	57.25925827
2.070116861	20.30604362	22.62674904	57.06720734
2.073578595	21.04742432	22.18852806	56.76404762
2.077051926	21.70255661	21.71744919	56.5799942
2.080536913	22.41897202	21.24373436	56.33729362
2.084033613	23.08052635	20.76448441	56.15498924
2.087542088	23.70740128	20.37791443	55.91468429
2.091062395	24.32074928	19.94578171	55.73346901
2.094594595	24.850317	19.54856491	55.60111809
2.098138748	25.38092995	19.17163277	55.44743728
2.101694915	25.86627579	18.80981445	55.32390976
2.105263158	26.34244919	18.46317863	55.19437218
2.108843537	26.73237228	18.09234238	55.17528534
2.112436116	27.04734802	17.80190086	55.15075112
2.116040956	27.42186165	17.47241402	55.10572433
2.11965812	27.69676399	17.15605164	55.14718437
2.123287671	27.89092445	16.86954498	55.23953057
2.126929674	28.08081436	16.57234192	55.34684372
2.130584192	28.27756691	16.31026268	55.41217041
2.134251291	28.33504677	16.04311371	55.62183952
2.137931034	28.34195137	15.80937386	55.84867477
2.141623489	28.35037994	15.59172153	56.05789853
2.14532872	28.32740021	15.35581207	56.31678772
2.149046794	28.26303864	15.1732893	56.56367206
2.152777778	28.03243065	14.94003868	57.02753067
2.156521739	27.88595772	14.76608658	57.3479557
2.160278746	27.6614151	14.57287693	57.76570797
2.164048866	27.40515518	14.37008858	58.22475624
2.167832168	27.14357948	14.18784904	58.66857148
2.171628722	26.81399345	13.98212051	59.20388604
2.175438596	26.37280464	13.83855915	59.78863621
2.179261863	25.96367073	13.68992043	60.34640884
2.183098592	25.56036758	13.53611374	60.90351868
2.186948854	25.10443878	13.37898064	61.51658058
2.190812721	24.60003662	13.18666458	62.2132988
2.194690265	24.11705208	13.07725906	62.80568886
2.19858156	23.55114746	12.89601135	63.55284119
2.202486679	23.00560188	12.72215843	64.27223969
2.206405694	22.48672485	12.55716705	64.9561081
2.210338681	21.91450119	12.44532204	65.64017677
2.214285714	21.41032219	12.24943066	66.34024715
2.218246869	20.84427643	12.10958481	67.04613876
2.222222222	20.33801842	11.91704655	67.74493503
2.226211849	19.80913162	11.77758884	68.41327954
2.230215827	19.27759743	11.56982517	69.1525774
2.234234234	18.79774284	11.39900112	69.80325604
2.238267148	18.4063015	11.22280216	70.37089634
2.242314647	17.97555161	11.04714203	70.97730636
2.246376812	17.59401894	10.82932091	71.57666015
2.250453721	17.24841881	10.64926243	72.10231876
2.254545455	16.95438004	10.46178532	72.58383464
2.258652095	16.67775536	10.22790337	73.09434127
2.262773723	16.47336578	10.02683926	73.49979496
2.26691042	16.30510712	9.827252388	73.86764049
2.271062271	16.15848732	9.590221405	74.25129128
2.275229358	16.11359787	9.376194954	74.51020718
2.279411765	16.06830025	9.146094322	74.78560543
2.283609576	16.12563896	8.912050247	74.96231079
2.287822878	16.16888428	8.70927906	75.12183666
2.292051756	16.26738739	8.479325294	75.25328732
2.296296296	16.42131615	8.249659538	75.32902431
2.300556586	16.5927124	8.046579361	75.36070824
2.304832714	16.79033279	7.810240746	75.39942646
2.309124767	17.06518745	7.609274864	75.32553769
2.313432836	17.28822899	7.378158569	75.33361244
2.317757009	17.58044052	7.156594753	75.26296473
2.322097378	17.88147354	6.956160069	75.16236639
2.326454034	18.19939232	6.737037659	75.06357002
2.330827068	18.50025558	6.53965044	74.96009398
2.335216573	18.7922287	6.327532768	74.88023853
2.339622642	19.14569092	6.161478996	74.69283008
2.344045369	19.44111061	5.952086926	74.60680246
2.348484848	19.75964546	5.766899109	74.47345543
2.352941176	20.02129745	5.58706522	74.39163733
2.357414449	20.30161095	5.405097008	74.29329204
2.361904762	20.52087593	5.257139206	74.22198486
2.366412214	20.74488258	5.076560497	74.17855692
2.370936902	21.041996	4.924137592	74.03386641
2.375478927	21.18173599	4.758649826	74.05961418
2.380038388	21.34683037	4.607713699	74.04545593
2.384615385	21.47180367	4.46101284	74.06718349
2.389210019	21.59662437	4.33697176	74.06640387
2.393822394	21.69961357	4.172998905	74.12738753
2.398452611	21.72066498	4.043191433	74.23614359
2.403100775	21.74303246	3.90073061	74.35623693
2.40776699	21.75596428	3.777109385	74.46692634
2.412451362	21.76132774	3.657798767	74.58087349
2.417153996	21.69970512	3.516619921	74.78367496
2.421875	21.65114594	3.41900301	74.92985105
2.426614481	21.5358448	3.3077631	75.1563921
2.431372549	21.41657257	3.184521914	75.39890552
2.436149312	21.34914017	3.076355219	75.57450461
2.440944882	21.17502022	2.969946384	75.8550334
2.445759369	21.04503441	2.860288858	76.09467673
2.450592885	20.88808632	2.759889841	76.35202384
2.455445545	20.73341751	2.666373253	76.60020924
2.46031746	20.59904099	2.57096839	76.82999062
2.465208748	20.4516449	2.474931717	77.07342338
2.470119522	20.28466225	2.38296771	77.33237004
2.4750499	20.14488029	2.290959358	77.56416035
2.48	20.02171516	2.20767808	77.77060676
2.48496994	19.91396904	2.115875006	77.97015595
2.489959839	19.79045296	2.026162386	78.18338465
2.494969819	19.7090168	1.944662094	78.34632111
2.5	19.57692719	1.841854095	78.58121872
2.505050505	19.5611496	1.782679319	78.65617108
2.510121457	19.47431183	1.697092652	78.82859552
2.515212982	19.43667984	1.621331453	78.94198871
2.520325203	19.46351624	1.542831898	78.99365186
2.525458248	19.43832779	1.4712255	79.09044671
2.530612245	19.41143417	1.398337841	79.19022799
2.535787321	19.44656754	1.329981208	79.22345125
2.540983607	19.48032951	1.264144301	79.25552619
2.546201232	19.55574989	1.198819876	79.24543023
2.551440329	19.59661484	1.142541885	79.26084328
2.556701031	19.60928345	1.087506056	79.30321049
2.561983471	19.74555016	1.026520729	79.22792911
2.567287785	19.78830147	0.973088205	79.23861033
2.572614108	19.88803291	0.919204474	79.19276262
2.577962578	19.93911934	0.875392675	79.18548798
2.583333333	19.98517799	0.820926011	79.193896
2.588726514	20.05553055	0.77191329	79.17255616
2.594142259	20.1294384	0.724627495	79.14593411
2.599580713	20.20045662	0.685128987	79.11441439
2.605042017	20.26531601	0.643135309	79.09154868
2.610526316	20.27632523	0.60602504	79.11764973
2.616033755	20.34433365	0.570088685	79.08557767
2.621564482	20.37589455	0.527686536	79.09641891
2.627118644	20.40215874	0.506944835	79.09089642
2.632696391	20.49329376	0.468221456	79.03848478
2.638297872	20.48818207	0.441137433	79.0706805
2.643923241	20.45770264	0.411597252	79.13070011
2.64957265	20.46978569	0.387279958	79.14293435
2.655246253	20.48265076	0.359196633	79.15815261
2.660944206	20.49278641	0.328975409	79.17823818
2.666666667	20.45604897	0.307277292	79.23667374
2.672413793	20.47589493	0.284601122	79.23950395
2.678185745	20.45249939	0.26869759	79.27880302
2.683982684	20.40953827	0.249457538	79.34100419
2.689804772	20.45354462	0.229881793	79.31657359
2.695652174	20.47637939	0.211018115	79.31260249
2.701525054	20.45107841	0.192318276	79.35660331
2.707423581	20.44922447	0.175305247	79.37547028
2.713347921	20.45942116	0.16530329	79.37527555
2.719298246	20.49447632	0.152201727	79.35332195
2.725274725	20.4700737	0.138083339	79.39184296
2.731277533	20.49015808	0.124469623	79.3853723
2.737306843	20.47674942	0.117766567	79.40548401
2.743362832	20.51712799	0.106274396	79.37659761
2.749445676	20.54821205	0.094760254	79.3570277
2.755555556	20.53934479	0.086875409	79.3737798
2.76169265	20.58027458	0.077730715	79.3419947
2.767857143	20.64479065	0.073556133	79.28165322
2.774049217	20.6061573	0.063054517	79.33078818
2.780269058	20.66594505	0.059085898	79.27496905
2.786516854	20.65419769	0.052646115	79.29315619
2.792792793	20.67323303	0.04968065	79.27708632
2.799097065	20.72953224	0.040159736	79.23030802
2.805429864	20.75781059	0.038796097	79.20339331
2.811791383	20.80464363	0.033844355	79.16151201
2.818181818	20.74913597	0.030476827	79.2203872
2.824601367	20.78479004	0.03071845	79.18449151
2.831050228	20.8649044	0.027690936	79.10740466
2.837528604	20.85976219	0.020975383	79.11926243
2.844036697	20.90640259	0.018576322	79.07502109
2.850574713	20.97470856	0.018050589	79.00724085
2.857142857	20.95108223	0.015601743	79.03331603
2.863741339	20.99254227	0.012888614	78.99456912
2.87037037	20.99942398	0.010294565	78.99028146
2.877030162	21.02346992	0.011082102	78.96544798
2.88372093	21.1037941	0.011142099	78.8850638
2.89044289	21.08587265	0.007941478	78.90618587
2.897196262	21.11789513	0.0068313	78.87527357
2.903981265	21.09746361	0.008199608	78.89433678
2.910798122	21.16690445	0.008077234	78.82501832
2.917647059	21.20084381	0.006532098	78.79262409
2.924528302	21.19404221	0.005145679	78.80081211
2.93144208	21.29660225	0.006267214	78.69713054
2.938388626	21.33861923	0.002694798	78.65868597
2.945368171	21.35904121	0.003221981	78.63773681
2.952380952	21.33655167	0.004861469	78.65858686
2.959427208	21.40470505	0.004569988	78.59072496
2.966507177	21.43964386	0.003745	78.55661114
2.973621103	21.40810394	0.000189329	78.59170673
2.980769231	21.48755074	-0.001467203	78.51391646
2.987951807	21.54894829	0.005516989	78.44553472
2.995169082	21.49824524	0.002627198	78.49912756
3.002421308	21.60527802	0.003445547	78.39127643
3.009708738	21.65332794	0.000100187	78.34657187
3.01703163	21.66547012	-0.000851945	78.33538183
3.024390244	21.65207291	-0.000288958	78.34821605
3.031784841	21.70214081	0.001716877	78.29614231
3.039215686	21.82661057	0.000428882	78.17296055
3.046683047	21.80603027	-0.005667324	78.19963705
3.054187192	21.8248539	-0.00029138	78.17543748
3.061728395	21.89166641	0.004339122	78.10399447
3.069306931	21.96164513	0.00463994	78.03371493
3.076923077	21.97792053	0.002669632	78.01940984
3.084577114	22.04458046	0.003299407	77.95212013
3.092269327	22.01890564	0.000455869	77.98063849
3.1	22.07435036	0.00408617	77.92156347
3.107769424	22.11106491	-0.002794463	77.89172955
3.115577889	22.14420509	-0.001043157	77.85683807
3.123425693	22.12641907	0.005662806	77.86791812
3.131313131	22.22964859	0.002714736	77.76763667
3.139240506	22.28616142	0.001288055	77.71255053
3.147208122	22.34033394	-0.00041215	77.66007821
3.155216285	22.34675217	0.000583439	77.65266439
3.163265306	22.38735962	-0.002851476	77.61549186
3.171355499	22.42151451	-0.001349915	77.5798354
3.179487179	22.43100929	0.001524587	77.56746612
3.187660668	22.49030685	0.00105811	77.50863504
3.195876289	22.52639008	-0.004224855	77.47783478
3.204134367	22.51190758	-0.000989564	77.48908198
3.212435233	22.57998848	0.000691454	77.41932007
3.220779221	22.63350105	-0.000793388	77.36729234
3.229166667	22.60224152	0.001818385	77.39594009
3.237597911	22.65365219	-0.005748797	77.35209661
3.246073298	22.78236389	0.00530069	77.21233542
3.254593176	22.86282539	0.005729216	77.13144539
3.263157895	22.80679512	-0.003180589	77.19638547
3.27176781	22.81637955	0.003182524	77.18043793
3.28042328	22.93268204	0.000871898	77.06644606
3.289124668	22.95060158	-0.007364176	77.0567626
3.29787234	22.92283821	-0.00012216	77.07728395
3.306666667	22.93474197	0.001089982	77.06416805
3.315508021	23.02784729	0.003707028	76.96844568
3.324396783	22.9758873	-0.0020093	77.026122
3.333333333	23.0959816	0.003182954	76.90083545
3.342318059	23.06968117	0.005399121	76.92491971
3.351351351	23.11128807	-0.00117916	76.88989109
3.360433604	23.15927505	-0.000899977	76.84162493
3.369565217	23.12128067	0.015159043	76.86356029
3.378746594	23.22771645	0.001753206	76.77053034
3.387978142	23.27939415	-0.001012773	76.72161862
3.397260274	23.10104942	0.003320094	76.89563049
3.406593407	23.31154633	-0.010115113	76.69856878
3.415977961	23.33993721	-0.004401604	76.66446439
3.425414365	23.21907043	0.003120798	76.77780877
3.434903047	23.3298378	0.005386953	76.66477525
3.444444444	23.35791016	0.004195802	76.63789404
3.454038997	23.40524101	0.000718143	76.59404085
3.463687151	23.37101173	-0.007686353	76.63667462
3.473389356	23.29339027	-0.001265634	76.70787536
3.483146067	23.39442444	-0.001111875	76.60668743
3.492957746	23.53826523	0.000632192	76.46110258
3.502824859	23.52188683	0.006912265	76.47120091
3.512747875	23.54401588	0.00343843	76.45254569
3.522727273	23.49833298	-0.000944526	76.50261155
3.532763533	23.42584229	0.001720259	76.57243745
3.542857143	23.37272263	3.92E-05	76.62723813
3.553008596	23.54493523	-0.022191614	76.47725638
3.563218391	23.61184502	-0.036440469	76.42459545
3.573487032	23.61928749	-0.001330147	76.38204266
3.583815029	23.26502419	-0.004156145	76.73913195
3.594202899	23.65452957	-0.043864705	76.38933513
3.604651163	23.6227684	-0.045253739	76.42248534
3.61516035	23.23482895	-0.036138408	76.80130946
3.625730994	23.55875778	0.019881088	76.42136113
3.636363636	23.63588142	-0.00324096	76.36735954
3.647058824	23.52738953	-0.032694552	76.50530502
3.657817109	23.34239578	0.010359094	76.64724513
3.668639053	23.18455696	-0.001189215	76.81663225
3.679525223	23.06863403	-0.007961814	76.93932778
3.69047619	23.75124168	0.072268516	76.1764898
3.701492537	23.52501106	-0.027839482	76.50282842
3.71257485	23.24704742	0.001326574	76.75162601
3.723723724	23.25084877	0.001243534	76.7479077
3.734939759	23.14733315	0.024134746	76.8285321
3.746223565	23.34691429	0.011973779	76.64111193
3.757575758	23.4212513	0.017075378	76.56167332
3.76899696	23.22758675	-0.017195839	76.78960909
3.780487805	23.48483849	0.017289111	76.4978724
3.79204893	23.19910812	-0.020324562	76.82121644
3.803680982	23.37335014	-0.033820599	76.66047046
3.815384615	23.24889374	-0.049436323	76.80054258
3.827160494	23.24842453	-0.012995235	76.7645707
3.839009288	23.3546505	-0.013453151	76.65880265
3.850931677	23.20835495	0.003919351	76.7877257
3.862928349	23.31308937	0.00095599	76.68595464
3.875	22.99047661	-0.013149546	77.02267294
3.887147335	23.23750877	-0.010905007	76.77339624
3.899371069	23.47509766	0.013380304	76.51152204
3.911671924	23.1723423	-0.053492032	76.88114973
3.924050633	23.19195938	-0.004544559	76.81258518
3.936507937	23.26937294	-0.03830485	76.76893191
3.949044586	23.12087631	0.029167026	76.84995666
3.961661342	22.91946793	0.042431504	77.03810057
3.974358974	23.06607056	0.009473213	76.92445623
3.987138264	23.3333149	0.017476223	76.64920888
4	22.97749138	-0.025526844	77.04803546
4.012944984	22.99413109	-0.014463358	77.02033227
4.025974026	22.80762291	0.003168114	77.18920898
4.039087948	23.14821434	0.035530109	76.81625555
4.052287582	23.03127098	-0.02343134	76.99216036
4.06557377	23.22118568	0.001434433	76.77737989
4.078947368	23.21824074	-0.006721715	76.78848097
4.092409241	22.98987961	0.013915052	76.99620534
4.105960265	23.03713608	-0.012492049	76.97535597
4.119601329	23.22388649	0.011363551	76.76474996
4.133333333	22.86575699	0.005730202	77.12851281